3515331932
3515331932
3515331932
3515331932
3515331932
3515331932
3515331932
3515331932
3515331932
3515331932
3515331932
3515331932
3515331932
3515331932
3515331932
3513445027
3513959289
3515331932
3515331932
3515331932
3515331932
3515331932
3515331932
3515331932
3516068355
3516068355
3516068355
3516068355
3516068355
3515331932
3515331932
3515331932
3515331932
3515331932
3515331932
3515331932
3515331932
3515331932
3515331932
3515331932
3515331932
3515331932
3515331932
3516068355
3516068355
3516068355
3516068355
3516068355
3516068355
3516068355
3516068355
3516068355
3516068355
3516068355
3515331932
3515331932
3515331932
3515331932
3515331932
3515331932
3515331932
3515331932
3515331932
3516068355
3516068355
3516068355
3516068355
3516068355
3516068355
3516068355
3516068355
3513959289
3513959289
3513959289
3513959289
3515331932
3515331932
3515331932
3515331932
3515331932
3515331932
3515331932
3513929231
3513445027
3513445027
3516068355
3513445027
3516068355
3516068355
3516068355
3516068355
3516068355
3516068355
3515331932
3515331932
3515331932
3515331932
3515331932
3515331932
3515331932
3515331932
3515331932
3515331932
3515331932
3516068355
3516068355
3516068355
3516068355
3516068355
3516068355
3513959289
3513959289
3513959289
3515331932
3515331932
3515331932
3515331932
3515331932
3515331932
3516528615
3515331932
3515331932
3515331932
3515331932
3515331932
3515331932
3516068355
3516068355
3516068355
3514268600
3516068355
3516068355
3516068355
3516068355
3516068355
3516068355
3515331932
3515331932
3515331932
3515331932
3515331932
3515331932
3515331932
3515331932
3515331932
3515331932
3515331932
3515331932
3515331932
3515331932
3515331932
3515331932
3515331932
3516068355
3514268600
3516068355
3516068355
3516068355
3513445027
3513445027
3516068355
3516068355
3515331932
3515331932
3515331932
3515331932
3515331932
3515331932
3515331932
3515331932
3515331932
3515331932
3516528615
3515331932
3515331932
3515331932
3516068355
3516068355
3516068355
3516068355
3516068355
3516068355
3513959289
3515331932
3515331932
3515331932
3515331932
3516528615
3515331932
3515331932
3515331932
3515331932
3515331932
3515331932
3515331932
3515331932
3515331932
3515331932
3515331932
3515331932
3515331932
3515331932
3516068355
3516068355
3516068355
3516377512
3516377512
3516377512
3516377512
3516377512
3516377512
3516377512
3516377512
3516020170
3516377512
3516377512
3516020170
3516020170
3515331932
3515331932
3515331932
3515331932
3515331932
3515331932
3515331932
3515331932
3515331932
3515331932
3515331932
3515331932
3515331932
3515331932
3516068355
3516068355
3516068355
3516068355
3516068355
3516068355
3516068355
3516068355
3516068355
3516068355
3516068355
3516068355
3516377512
3514681949
3516377512
3513224667
3513959289
3513224667
3513959289
3513224667
3513959289
3513224667
3513959289
3513224667
3515331932
3515331932
3515331932
3515331932
3515331932
3515331932
3515331932
3515331932
3513506784
3515331932
3515331932
3516528615
3515331932
3515331932
3516528615
3516528615
3515331932
3516483667
3515331932
3516483667
3515331932
3516483667
3515331932
3516483667
3515331932
3513070354
3515331932
3515291810
3515295186
3515331932
3515331932
3515331932
3515331932
3515331932
3515331932
3515331932
3515331932
1151010095
1151010095
3516068355
3516068355
3516068355
3516068355
3513032497
3516068355
3516068355
3513032497
3516068355
3513032497
3516068355
3513032497
3513032497
3516068355
3516068355
3516068355
3516377512
3516377512
3516377512
3516377512
3516377512
3516377512
3516377512
3516377512
3516377512
3516458761
3515331932
3515331932
3515331932
3515331932
3515331932
3515331932
3515331932
3515331932
3515331932
3517028077
3515331932
3515331932
3515331932
3514829879
3515331932
3514829879
3515331932
3515331932
3515331932
3515331932
3514829879
3515331932
3515331932
3515331932
3515331932
3515331932
3515331932
3515331932
3515331932
3515331932
3516068355
3516068355
3513445027
3516068355
3516068355
3516068355
3516068355
3516068355
3516068355
3514681949
3512921132
3516377512
3516377512
3516377512
3516377512
3516377512
3516377512
3516500002
3515331932
3515331932
3515331932
3515331932
3515331932
3515331932
3515331932
3515331932
3515331932
3515331932
3515331932
3515331932
3515331932
3515331932
3515331932
3515331932
3515331932
3515331932
3515331932
3516068355
3513445027
3516068355
3513445027
3516068355
3516068355
3516068355
3516068355
3516068355
3516068355
3516068355
3516068355
3516068355
3516068355
3516068355
3516377512
3516377512
3516377512
3516377512
3516377512
3516377512
3516377512
3516377512
3516377512
3516377512
3516377512
3516377512
3516377512
3516377512
3516712244
3516377512
3516377512
3516377512
3516377512
3516377512
3516377512
3516377512
3516377512
3516377512
3516377512
3513523330
3512086730
3515331932
3515331932
3515331932
3515331932
3515331932
3515331932
3515331932
3515331932
3515331932
3516528615
3515331932
3515331932
3515331932
3515331932
3515331932
3515331932
3515331932
3515331932
3515331932
3515331932
3516068355
3513445027
3513445027
3513445027
3516068355
3516068355
3516068355
3516068355
3516377512
3516377512
3516377512
3516377512
3516377512
3516377512
3516377512
3516377512
3516377512
3516377512
3516377512
3516377512
3516377512
3516377512
3516377512
3516377512
3516377512
3516377512
3516377512
3516377512
3516377512
3516377512
3516377512
3516377512
3516377512
3516377512
3516377512
3516377512
3516377512
3516377512
3515331932
3515331932
3515331932
3515331932
3515331932
3515331932
3515331932
3516528615
3515331932
3515331932
3515331932
3515331932
3515331932
3515331932
3515331932
3515331932
3515331932
3515331932
3515331932
3515331932
3515331932
3515331932
3515331932
3515331932
3516068355
3516068355
3516068355
3516068355
3513445027
3513445027
3513445027
3516068355
3516068355
001151000000
3516068355
3516068355
3516068355
3513445027
3516068355
3516068355
3516377512
3516377512
3516377512
3516377512
3516377512
3516377512
3516377512
3515331932
3515331932
3515331932
3515331932
3515331932
3515331932
3516528615
3515331932
3515331932
3515331932
3515331932
3515331932
3515331932
3516068355
3516068355
3513445027
3516068355
3513445027
3513445027
3516068355
3516377512
3515331932
3515331932
3515331932
3515331932
3515331932
3515331932
3513445027
3516068355
3513445027
3513445027
3516068355
3516648050
3516377512
3516377512
3516377512
3513648637
3516377512
3516377512
3516377512
3516377512
3515331932
3515331932
3515331932
3515331932
3515331932
3515331932
3515331932
3515331932
3515331932
3515331932
3515331932
3515331932
3516068355
3513224667
3516068355
3513445027
3514265310
3516068355
3514265310
3514265310
3513445027
3516068355
3513445027
3516068355
3516068355
3516377512
3516377512
3516377512
3516377512
3516377512
3516377512
3516377512
3516377512
3516377512
3516377512
3516377512
3516377512
3516377512
3516377512
3515331932
3515331932
3515331932
3515331932
3515331932
3515331932
3515331932
3515331932
3513445027
3513445027
3516068355
3516068355
3516068355
3516068355
3513445027
3513445027
3513445027
3513445027
3513445027
3516377512
3516377512
3516377512
3516377512
3516377512
3516648050
3516960811
3516377512
3516377512
3516377512
3515331932
3515331932
3515331932
3515331932
3515331932
3515331932
3515331932
3515331932
3515331932
3515331932
3515331932
3515331932
3516068355
3513445027
3516068355
3513445027
3513439396
3516068355
3516068355
3516068355
3516377512
3516377512
3516377512
3516960811
3516377512
3516377512
3516377512
3516377512
3516377512
3516377512
3516377512
3516377512
3516377512
3516377512
3516377512
3516377512
3516377512
3516377512
3516377512
3516377512
3516377512
3515331932
3515331932
3515331932
3515331932
3515331932
3515331932
3515331932
3515331932
3515331932
3515331932
3515331932
3515331932
3515331932
3515331932
3516068355
3513994719
3516068355
3513994719
3516068355
3516068355
3516068355
3516068355
3516068355
3516068355
3516377512
3516377512
3516377512
3516377512
3516377512
3516377512
3516377512
3513959289
3513959289
3515331932
3515331932
3515331932
3515331932
3515331932
3515331932
3515331932
3515331932
3515331932
3515331932
3514614266
3515331932
3515331932
3515331932
3513445027
3513445027
3516068355
3516068355
3516068355
3513445027
3513445027
3516377512
3516377512
3516377512
3514038730
3516377512
3516377512
3516377512
3516377512
3514038730
3514038730
3516377512
3516377512
3516377512
3516377512
3516377512
3516377512
3516648050
3513959289
3515592325
3513959289
3513959289
3515331932
3515331932
3515331932
3515331932
3515331932
3516075447
3515331932
3515331932
3515331932
3515331932
3516068355
3516068355
3516068355
3516068355
3513445027
3516068355
3516068355
3516068355
3516068355
3516068355
3514038730
3516377512
3516377512
3516377512
3516377512
3516377512
3516377512
3516960811
3516377512
3516377512
3516377512
3516377512
3516377512
3516377512
3516377512
3514038730
3514038730
3516377512
3516377512
3516377512
3514038730
3516774189
3513959289
3513959289
3513959289
3515331932
3515331932
3515331932
3515331932
3515331932
3515331932
3515331932
3515331932
3515331932
3515331932
3515331932
3516068355
3513445027
3516068355
3516068355
3513758518
3516068355
3516377512
3516377512
3516377512
3513648637
3516377512
3516377512
3513445027
3513959289
3515331932
3515331932
3515331932
3515331932
3515331932
3513506784
3516528615
3515331932
3515331932
3515331932
3515331932
3515331932
3515331932
3515331932
3515331932
3516068355
3516068355
3516068355
3516068355
3516068355
3516068355
3516648050
3513445027
3512812624
3512812624
3516377512
3516377512
3516377512
3516377512
3516377512
3516377512
3516377512
3516377512
3513959289
3513959289
3515331932
3515331932
3515331932
3515331932
3515331932
3515331932
3515331932
3515331932
3515331932
3515331932
3515331932
3515331932
3515331932
3515331932
3515331932
3516068355
3516068355
3516068355
3516068355
3512812624
3516068355
3516068355
3516068355
3516377512
3516377512
3516960811
3516377512
3516377512
3516377512
3516377512
3513648637
3516377512
3513648637
3512748664
3516377512
3516377512
3516377512
3516377512
3516377512
3516377512
3516377512
3516377512
3516377512
3516377512
3516377512
3514745809
3514658737
3513959289
3513959289
3515331932
3515331932
3514112092
3515331932
3515331932
3515331932
3515331932
3515331932
3515331932
3515331932
3515331932
3515331932
3515331932
3515331932
3515331932
3515331932
3516068355
3516068355
3516068355
3516068355
3516068355
3516068355
3516068355
3513445027
3516068355
3516068355
3516068355
3516068355
3516068355
3516712244
3516648050
3516377512
3516377512
3516377512
3516377512
3513167136
3516648050
3516377512
3516648050
3516377512
3514038730
3516377512
3516752815
3513959289
3513959289
3513959289
3513959289
3513959289
3513959289
3513959289
3513959289
3513959289
3513620579
3513959289
3516869620
3513959289
3516869620
3513959289
3515502841
3516869620
3513959289
3513959289
3513959289
3513959289
3516648050
3513959289
3517023146
3513959289
3513959289
3517023146
3516752815
3512812624
3513959289
3516648050
3513959289
3513959289
3513959289
3516752815
3513959289
3515331932
3515331932
3515331932
3515331932
3515331932
3515331932
3515331932
